HEA	Pt	Ru	Pd	Rh	Au	Onset
1	8.5	27.8	35.6	5.6	22.5	0.538726
1	16.7	22.4	35.2	9.5	16.1	0.538726
1	18.0	21.6	32.1	9.8	18.5	0.538726
1	19.5	18.5	28.0	12.2	21.8	0.538726
1	8.5	27.8	35.6	5.6	22.5	0.5047550000000001
1	16.7	22.4	35.2	9.5	16.1	0.5047550000000001
1	18.0	21.6	32.1	9.8	18.5	0.5047550000000001
1	19.5	18.5	28.0	12.2	21.8	0.5047550000000001
1	8.5	27.8	35.6	5.6	22.5	0.497749
1	16.7	22.4	35.2	9.5	16.1	0.497749
1	18.0	21.6	32.1	9.8	18.5	0.497749
1	19.5	18.5	28.0	12.2	21.8	0.497749
2	23.0	35.2	23.0	12.4	6.3	0.495734
2	26.2	35.0	13.2	19.2	6.5	0.495734
2	23.9	31.3	17.6	19.4	7.9	0.495734
2	26.8	34.3	15.3	16.7	6.9	0.495734
2	23.0	35.2	23.0	12.4	6.3	0.49778500000000003
2	26.2	35.0	13.2	19.2	6.5	0.49778500000000003
2	23.9	31.3	17.6	19.4	7.9	0.49778500000000003
2	26.8	34.3	15.3	16.7	6.9	0.49778500000000003
2	23.0	35.2	23.0	12.4	6.3	0.505694
2	26.2	35.0	13.2	19.2	6.5	0.505694
2	23.9	31.3	17.6	19.4	7.9	0.505694
2	26.8	34.3	15.3	16.7	6.9	0.505694
3	23.5	27.1	21.9	14.0	13.6	0.54967
3	19.3	31.9	28.7	9.0	11.0	0.54967
3	20.5	26.0	28.0	13.0	12.6	0.54967
3	19.3	28.8	25.8	15.1	11.1	0.54967
3	23.5	27.1	21.9	14.0	13.6	0.5177039999999999
3	19.3	31.9	28.7	9.0	11.0	0.5177039999999999
3	20.5	26.0	28.0	13.0	12.6	0.5177039999999999
3	19.3	28.8	25.8	15.1	11.1	0.5177039999999999
3	23.5	27.1	21.9	14.0	13.6	0.536726
3	19.3	31.9	28.7	9.0	11.0	0.536726
3	20.5	26.0	28.0	13.0	12.6	0.536726
3	19.3	28.8	25.8	15.1	11.1	0.536726
4	22.6	6.3	42.5	1.8	26.8	0.5466850000000001
4	31.9	3.1	26.8	2.0	36.3	0.5466850000000001
4	27.0	5.0	36.1	1.9	29.9	0.5466850000000001
4	26.2	5.7	42.5	0.0	25.6	0.5466850000000001
4	22.6	6.3	42.5	1.8	26.8	0.548694
4	31.9	3.1	26.8	2.0	36.3	0.548694
4	27.0	5.0	36.1	1.9	29.9	0.548694
4	26.2	5.7	42.5	0.0	25.6	0.548694
4	22.6	6.3	42.5	1.8	26.8	0.559684
4	31.9	3.1	26.8	2.0	36.3	0.559684
4	27.0	5.0	36.1	1.9	29.9	0.559684
4	26.2	5.7	42.5	0.0	25.6	0.559684
5	17.7	42.2	17.8	0.0	22.2	0.511749
5	15.1	44.5	20.0	0.0	20.5	0.511749
5	14.4	43.3	24.0	0.0	18.3	0.511749
5	15.2	41.5	22.1	0.0	21.2	0.511749
5	17.7	42.2	17.8	0.0	22.2	0.492729
5	15.1	44.5	20.0	0.0	20.5	0.492729
5	14.4	43.3	24.0	0.0	18.3	0.492729
5	15.2	41.5	22.1	0.0	21.2	0.492729
5	17.7	42.2	17.8	0.0	22.2	0.47375600000000007
5	15.1	44.5	20.0	0.0	20.5	0.47375600000000007
5	14.4	43.3	24.0	0.0	18.3	0.47375600000000007
5	15.2	41.5	22.1	0.0	21.2	0.47375600000000007
6	54.0	16.9	22.1	0.0	6.9	0.493709
6	50.1	16.8	22.9	1.9	8.2	0.493709
6	50.2	17.2	24.6	0.8	7.2	0.493709
6	53.6	15.4	23.9	0.0	7.2	0.493709
6	54.0	16.9	22.1	0.0	6.9	0.49269799999999997
6	50.1	16.8	22.9	1.9	8.2	0.49269799999999997
6	50.2	17.2	24.6	0.8	7.2	0.49269799999999997
6	53.6	15.4	23.9	0.0	7.2	0.49269799999999997
6	54.0	16.9	22.1	0.0	6.9	0.49271099999999995
6	50.1	16.8	22.9	1.9	8.2	0.49271099999999995
6	50.2	17.2	24.6	0.8	7.2	0.49271099999999995
6	53.6	15.4	23.9	0.0	7.2	0.49271099999999995
7	25.2	45.7	15.2	9.4	4.4	0.49098
7	22.0	47.8	16.8	7.7	5.7	0.49098
7	24.1	44.1	15.8	10.4	5.5	0.49098
7	23.7	46.4	17.8	7.4	4.7	0.49098
7	25.2	45.7	15.2	9.4	4.4	0.462979
7	22.0	47.8	16.8	7.7	5.7	0.462979
7	24.1	44.1	15.8	10.4	5.5	0.462979
7	23.7	46.4	17.8	7.4	4.7	0.462979
7	25.2	45.7	15.2	9.4	4.4	0.485943
7	22.0	47.8	16.8	7.7	5.7	0.485943
7	24.1	44.1	15.8	10.4	5.5	0.485943
7	23.7	46.4	17.8	7.4	4.7	0.485943
8	32.0	10.8	37.3	2.6	17.4	0.521015
8	27.4	12.2	43.9	3.6	13.0	0.521015
8	29.9	10.5	41.6	1.2	16.8	0.521015
8	27.6	13.6	43.1	3.8	12.0	0.521015
8	32.0	10.8	37.3	2.6	17.4	0.5089739999999999
8	27.4	12.2	43.9	3.6	13.0	0.5089739999999999
8	29.9	10.5	41.6	1.2	16.8	0.5089739999999999
8	27.6	13.6	43.1	3.8	12.0	0.5089739999999999
8	32.0	10.8	37.3	2.6	17.4	0.538024
8	27.4	12.2	43.9	3.6	13.0	0.538024
8	29.9	10.5	41.6	1.2	16.8	0.538024
8	27.6	13.6	43.1	3.8	12.0	0.538024
9	18.2	34.6	39.2	2.1	6.0	0.511951
9	15.2	40.9	38.8	0.0	5.1	0.511951
9	17.6	36.2	34.9	5.9	5.3	0.511951
9	17.5	36.9	35.1	5.2	5.3	0.511951
9	18.2	34.6	39.2	2.1	6.0	0.4889
9	15.2	40.9	38.8	0.0	5.1	0.4889
9	17.6	36.2	34.9	5.9	5.3	0.4889
9	17.5	36.9	35.1	5.2	5.3	0.4889
9	18.2	34.6	39.2	2.1	6.0	0.48096300000000003
9	15.2	40.9	38.8	0.0	5.1	0.48096300000000003
9	17.6	36.2	34.9	5.9	5.3	0.48096300000000003
9	17.5	36.9	35.1	5.2	5.3	0.48096300000000003
10	18.1	28.6	22.5	0.0	30.9	0.508686
10	18.6	28.5	22.3	0.3	30.4	0.508686
10	18.7	27.5	24.5	0.5	28.9	0.508686
10	17.1	31.5	27.3	0.0	24.1	0.508686
10	18.1	28.6	22.5	0.0	30.9	0.499722
10	18.6	28.5	22.3	0.3	30.4	0.499722
10	18.7	27.5	24.5	0.5	28.9	0.499722
10	17.1	31.5	27.3	0.0	24.1	0.499722
10	18.1	28.6	22.5	0.0	30.9	0.504718
10	18.6	28.5	22.3	0.3	30.4	0.504718
10	18.7	27.5	24.5	0.5	28.9	0.504718
10	17.1	31.5	27.3	0.0	24.1	0.504718
11	4.9	56.6	10.9	11.9	15.7	0.476732
11	5.0	56.6	9.1	11.7	17.7	0.476732
11	4.8	56.4	8.3	12.3	18.2	0.476732
11	6.0	56.5	12.6	6.5	18.5	0.476732
11	4.9	56.6	10.9	11.9	15.7	0.48274700000000004
11	5.0	56.6	9.1	11.7	17.7	0.48274700000000004
11	4.8	56.4	8.3	12.3	18.2	0.48274700000000004
11	6.0	56.5	12.6	6.5	18.5	0.48274700000000004
11	4.9	56.6	10.9	11.9	15.7	0.48173299999999997
11	5.0	56.6	9.1	11.7	17.7	0.48173299999999997
11	4.8	56.4	8.3	12.3	18.2	0.48173299999999997
11	6.0	56.5	12.6	6.5	18.5	0.48173299999999997
12	34.3	23.8	18.2	2.2	21.6	0.49371499999999996
12	33.6	25.4	19.2	0.0	21.8	0.49371499999999996
12	39.1	21.9	16.0	0.0	23.0	0.49371499999999996
12	32.0	25.0	20.6	1.7	20.7	0.49371499999999996
12	34.3	23.8	18.2	2.2	21.6	0.48171499999999995
12	33.6	25.4	19.2	0.0	21.8	0.48171499999999995
12	39.1	21.9	16.0	0.0	23.0	0.48171499999999995
12	32.0	25.0	20.6	1.7	20.7	0.48171499999999995
12	34.3	23.8	18.2	2.2	21.6	0.496698
12	33.6	25.4	19.2	0.0	21.8	0.496698
12	39.1	21.9	16.0	0.0	23.0	0.496698
12	32.0	25.0	20.6	1.7	20.7	0.496698
13	21.1	56.2	18.4	0.0	4.3	0.481709
13	22.2	55.9	16.8	0.0	5.1	0.481709
13	20.8	55.7	18.2	0.0	5.2	0.481709
13	22.4	56.1	16.4	0.0	5.2	0.481709
13	21.1	56.2	18.4	0.0	4.3	0.47271
13	22.2	55.9	16.8	0.0	5.1	0.47271
13	20.8	55.7	18.2	0.0	5.2	0.47271
13	22.4	56.1	16.4	0.0	5.2	0.47271
13	21.1	56.2	18.4	0.0	4.3	0.47171899999999994
13	22.2	55.9	16.8	0.0	5.1	0.47171899999999994
13	20.8	55.7	18.2	0.0	5.2	0.47171899999999994
13	22.4	56.1	16.4	0.0	5.2	0.47171899999999994
14	10.4	45.1	8.1	33.5	2.9	0.48566400000000004
14	9.9	46.4	1.9	39.9	1.9	0.48566400000000004
14	9.8	41.4	0.0	45.6	3.2	0.48566400000000004
14	10.5	44.6	3.1	39.5	2.3	0.48566400000000004
14	10.4	45.1	8.1	33.5	2.9	0.49068199999999995
14	9.9	46.4	1.9	39.9	1.9	0.49068199999999995
14	9.8	41.4	0.0	45.6	3.2	0.49068199999999995
14	10.5	44.6	3.1	39.5	2.3	0.49068199999999995
14	10.4	45.1	8.1	33.5	2.9	0.468678
14	9.9	46.4	1.9	39.9	1.9	0.468678
14	9.8	41.4	0.0	45.6	3.2	0.468678
14	10.5	44.6	3.1	39.5	2.3	0.468678
15	24.9	1.8	47.3	13.8	12.2	0.588674
15	24.7	0.0	42.5	22.7	10.0	0.588674
15	25.8	0.0	43.8	15.9	14.5	0.588674
15	26.1	0.0	45.9	14.3	13.7	0.588674
15	24.9	1.8	47.3	13.8	12.2	0.600639
15	24.7	0.0	42.5	22.7	10.0	0.600639
15	25.8	0.0	43.8	15.9	14.5	0.600639
15	26.1	0.0	45.9	14.3	13.7	0.600639
15	24.9	1.8	47.3	13.8	12.2	0.596646
15	24.7	0.0	42.5	22.7	10.0	0.596646
15	25.8	0.0	43.8	15.9	14.5	0.596646
15	26.1	0.0	45.9	14.3	13.7	0.596646
16	16.0	40.8	42.7	0.0	0.5	0.505708
16	17.4	34.9	43.1	4.6	0.0	0.505708
16	20.4	37.2	39.7	1.8	0.9	0.505708
16	21.7	33.1	40.2	5.1	0.0	0.505708
16	16.0	40.8	42.7	0.0	0.5	0.497704
16	17.4	34.9	43.1	4.6	0.0	0.497704
16	20.4	37.2	39.7	1.8	0.9	0.497704
16	21.7	33.1	40.2	5.1	0.0	0.497704
16	16.0	40.8	42.7	0.0	0.5	0.507664
16	17.4	34.9	43.1	4.6	0.0	0.507664
16	20.4	37.2	39.7	1.8	0.9	0.507664
16	21.7	33.1	40.2	5.1	0.0	0.507664
17	10.3	9.3	72.8	0.5	7.1	0.50465
17	6.9	12.2	75.3	0.6	4.8	0.50465
17	7.3	11.8	75.3	0.4	5.2	0.50465
17	9.2	10.8	73.5	0.5	5.9	0.50465
17	10.3	9.3	72.8	0.5	7.1	0.49868900000000005
17	6.9	12.2	75.3	0.6	4.8	0.49868900000000005
17	7.3	11.8	75.3	0.4	5.2	0.49868900000000005
17	9.2	10.8	73.5	0.5	5.9	0.49868900000000005
17	10.3	9.3	72.8	0.5	7.1	0.5147079999999999
17	6.9	12.2	75.3	0.6	4.8	0.5147079999999999
17	7.3	11.8	75.3	0.4	5.2	0.5147079999999999
17	9.2	10.8	73.5	0.5	5.9	0.5147079999999999
18	7.8	0.0	45.4	25.2	21.6	0.5976279999999999
18	9.2	0.0	40.5	23.2	27.0	0.5976279999999999
18	6.7	0.0	46.6	27.8	19.0	0.5976279999999999
18	5.8	0.0	47.2	28.1	18.8	0.5976279999999999
18	7.8	0.0	45.4	25.2	21.6	0.58165
18	9.2	0.0	40.5	23.2	27.0	0.58165
18	6.7	0.0	46.6	27.8	19.0	0.58165
18	5.8	0.0	47.2	28.1	18.8	0.58165
18	7.8	0.0	45.4	25.2	21.6	0.593583
18	9.2	0.0	40.5	23.2	27.0	0.593583
18	6.7	0.0	46.6	27.8	19.0	0.593583
18	5.8	0.0	47.2	28.1	18.8	0.593583
19	20.8	0.0	47.0	2.8	29.4	0.591649
19	18.6	0.0	52.9	0.9	27.6	0.591649
19	17.7	0.0	53.9	1.5	27.0	0.591649
19	19.7	0.0	54.2	1.2	25.0	0.591649
19	20.8	0.0	47.0	2.8	29.4	0.577689
19	18.6	0.0	52.9	0.9	27.6	0.577689
19	17.7	0.0	53.9	1.5	27.0	0.577689
19	19.7	0.0	54.2	1.2	25.0	0.577689
19	20.8	0.0	47.0	2.8	29.4	0.594609
19	18.6	0.0	52.9	0.9	27.6	0.594609
19	17.7	0.0	53.9	1.5	27.0	0.594609
19	19.7	0.0	54.2	1.2	25.0	0.594609
20	3.1	0.0	32.7	25.9	38.3	0.560679
20	2.4	2.1	39.0	32.5	24.1	0.560679
20	2.1	0.0	31.9	29.1	36.9	0.560679
20	3.4	0.0	35.3	24.8	36.6	0.560679
20	3.1	0.0	32.7	25.9	38.3	0.5596899999999999
20	2.4	2.1	39.0	32.5	24.1	0.5596899999999999
20	2.1	0.0	31.9	29.1	36.9	0.5596899999999999
20	3.4	0.0	35.3	24.8	36.6	0.5596899999999999
20	3.1	0.0	32.7	25.9	38.3	0.570634
20	2.4	2.1	39.0	32.5	24.1	0.570634
20	2.1	0.0	31.9	29.1	36.9	0.570634
20	3.4	0.0	35.3	24.8	36.6	0.570634
21	84.2	7.3	8.0	0.5	0.0	0.534961
21	80.9	3.0	9.6	4.9	2.1	0.534961
21	79.1	6.3	10.2	3.4	1.0	0.534961
21	79.1	6.3	10.2	3.4	1.0	0.534961
21	84.2	7.3	8.0	0.5	0.0	0.562701
21	80.9	3.0	9.6	4.9	2.1	0.562701
21	79.1	6.3	10.2	3.4	1.0	0.562701
21	79.1	6.3	10.2	3.4	1.0	0.562701
21	84.2	7.3	8.0	0.5	0.0	0.505684
21	80.9	3.0	9.6	4.9	2.1	0.505684
21	79.1	6.3	10.2	3.4	1.0	0.505684
21	79.1	6.3	10.2	3.4	1.0	0.505684
24	1.1	0.0	0.0	97.7	1.2	0.5716319999999999
24	1.9	0.0	0.0	96.1	2.0	0.5716319999999999
24	1.2	0.0	0.0	98.1	0.7	0.5716319999999999
24	1.4	0.0	0.0	97.5	1.0	0.5716319999999999
24	1.1	0.0	0.0	97.7	1.2	0.584669
24	1.9	0.0	0.0	96.1	2.0	0.584669
24	1.2	0.0	0.0	98.1	0.7	0.584669
24	1.4	0.0	0.0	97.5	1.0	0.584669
24	1.1	0.0	0.0	97.7	1.2	0.594615
24	1.9	0.0	0.0	96.1	2.0	0.594615
24	1.2	0.0	0.0	98.1	0.7	0.594615
24	1.4	0.0	0.0	97.5	1.0	0.594615
26	0.9	50.6	47.0	0.0	1.5	0.479707
26	1.2	45.4	48.9	2.8	1.6	0.479707
26	0.3	56.4	39.3	1.9	2.1	0.479707
26	0.2	55.5	38.6	3.7	1.9	0.479707
26	0.9	50.6	47.0	0.0	1.5	0.487621
26	1.2	45.4	48.9	2.8	1.6	0.487621
26	0.3	56.4	39.3	1.9	2.1	0.487621
26	0.2	55.5	38.6	3.7	1.9	0.487621
26	0.9	50.6	47.0	0.0	1.5	0.47897
26	1.2	45.4	48.9	2.8	1.6	0.47897
26	0.3	56.4	39.3	1.9	2.1	0.47897
26	0.2	55.5	38.6	3.7	1.9	0.47897
27	0.6	40.5	49.8	7.8	1.2	0.48070100000000004
27	1.1	40.6	46.9	8.9	2.5	0.48070100000000004
27	1.2	39.3	47.1	10.4	1.9	0.48070100000000004
27	1.8	36.4	48.2	11.7	1.9	0.48070100000000004
27	0.6	40.5	49.8	7.8	1.2	0.470711
27	1.1	40.6	46.9	8.9	2.5	0.470711
27	1.2	39.3	47.1	10.4	1.9	0.470711
27	1.8	36.4	48.2	11.7	1.9	0.470711
27	0.6	40.5	49.8	7.8	1.2	0.483692
27	1.1	40.6	46.9	8.9	2.5	0.483692
27	1.2	39.3	47.1	10.4	1.9	0.483692
27	1.8	36.4	48.2	11.7	1.9	0.483692
28	25.0	40.9	9.1	22.3	2.7	0.469674
28	17.5	47.2	5.8	27.0	2.6	0.469674
28	17.8	46.1	9.4	23.7	3.0	0.469674
28	18.7	47.1	7.5	26.5	0.2	0.469674
28	25.0	40.9	9.1	22.3	2.7	0.467683
28	17.5	47.2	5.8	27.0	2.6	0.467683
28	17.8	46.1	9.4	23.7	3.0	0.467683
28	18.7	47.1	7.5	26.5	0.2	0.467683
28	25.0	40.9	9.1	22.3	2.7	0.462739
28	17.5	47.2	5.8	27.0	2.6	0.462739
28	17.8	46.1	9.4	23.7	3.0	0.462739
28	18.7	47.1	7.5	26.5	0.2	0.462739
29	18.6	41.9	34.8	0.0	4.8	0.48664799999999997
29	14.9	46.7	32.5	2.6	3.3	0.48664799999999997
29	15.1	44.8	35.9	2.1	2.1	0.48664799999999997
29	16.4	48.8	30.2	2.1	2.4	0.48664799999999997
29	18.6	41.9	34.8	0.0	4.8	0.472729
29	14.9	46.7	32.5	2.6	3.3	0.472729
29	15.1	44.8	35.9	2.1	2.1	0.472729
29	16.4	48.8	30.2	2.1	2.4	0.472729
29	18.6	41.9	34.8	0.0	4.8	0.48666400000000004
29	14.9	46.7	32.5	2.6	3.3	0.48666400000000004
29	15.1	44.8	35.9	2.1	2.1	0.48666400000000004
29	16.4	48.8	30.2	2.1	2.4	0.48666400000000004
30	1.0	18.3	72.8	6.8	1.1	0.480717
30	0.8	20.3	70.7	7.1	1.1	0.480717
30	0.8	21.3	72.0	4.9	1.1	0.480717
30	1.0	17.7	75.8	4.2	1.3	0.480717
30	1.0	18.3	72.8	6.8	1.1	0.486662
30	0.8	20.3	70.7	7.1	1.1	0.486662
30	0.8	21.3	72.0	4.9	1.1	0.486662
30	1.0	17.7	75.8	4.2	1.3	0.486662
30	1.0	18.3	72.8	6.8	1.1	0.478739
30	0.8	20.3	70.7	7.1	1.1	0.478739
30	0.8	21.3	72.0	4.9	1.1	0.478739
30	1.0	17.7	75.8	4.2	1.3	0.478739
31	68.8	5.8	17.3	1.7	6.4	0.501
31	57.3	6.7	18.2	11.0	6.8	0.501
31	59.9	6.5	21.2	4.1	8.4	0.501
31	58.3	8.4	20.5	2.5	10.3	0.501
31	68.8	5.8	17.3	1.7	6.4	0.548664
31	57.3	6.7	18.2	11.0	6.8	0.548664
31	59.9	6.5	21.2	4.1	8.4	0.548664
31	58.3	8.4	20.5	2.5	10.3	0.548664
31	68.8	5.8	17.3	1.7	6.4	0.544708
31	57.3	6.7	18.2	11.0	6.8	0.544708
31	59.9	6.5	21.2	4.1	8.4	0.544708
31	58.3	8.4	20.5	2.5	10.3	0.544708
32	4.2	69.7	4.6	12.4	8.1	0.469696
32	5.0	68.8	6.5	12.0	7.7	0.469696
32	4.6	71.0	3.0	14.2	7.2	0.469696
32	4.7	73.7	0.6	16.0	5.1	0.469696
32	4.2	69.7	4.6	12.4	8.1	0.46666199999999997
32	5.0	68.8	6.5	12.0	7.7	0.46666199999999997
32	4.6	71.0	3.0	14.2	7.2	0.46666199999999997
32	4.7	73.7	0.6	16.0	5.1	0.46666199999999997
32	4.2	69.7	4.6	12.4	8.1	0.471714
32	5.0	68.8	6.5	12.0	7.7	0.471714
32	4.6	71.0	3.0	14.2	7.2	0.471714
32	4.7	73.7	0.6	16.0	5.1	0.471714
33	68.3	21.6	10.2	0.0	0.0	0.47501899999999997
33	62.2	27.1	10.7	0.0	0.0	0.47501899999999997
33	59.7	26.7	13.1	0.0	0.5	0.47501899999999997
33	58.0	26.7	15.3	0.0	0.0	0.47501899999999997
33	68.3	21.6	10.2	0.0	0.0	0.46103599999999995
33	62.2	27.1	10.7	0.0	0.0	0.46103599999999995
33	59.7	26.7	13.1	0.0	0.5	0.46103599999999995
33	58.0	26.7	15.3	0.0	0.0	0.46103599999999995
33	68.3	21.6	10.2	0.0	0.0	0.460021
33	62.2	27.1	10.7	0.0	0.0	0.460021
33	59.7	26.7	13.1	0.0	0.5	0.460021
33	58.0	26.7	15.3	0.0	0.0	0.460021
34	74.7	8.6	16.5	0.0	0.2	0.494
34	78.0	9.2	12.9	0.0	0.0	0.494
34	64.4	11.1	23.3	0.0	1.2	0.494
34	70.6	8.7	19.3	0.0	1.4	0.494
34	74.7	8.6	16.5	0.0	0.2	0.516996
34	78.0	9.2	12.9	0.0	0.0	0.516996
34	64.4	11.1	23.3	0.0	1.2	0.516996
34	70.6	8.7	19.3	0.0	1.4	0.516996
34	74.7	8.6	16.5	0.0	0.2	0.51198
34	78.0	9.2	12.9	0.0	0.0	0.51198
34	64.4	11.1	23.3	0.0	1.2	0.51198
34	70.6	8.7	19.3	0.0	1.4	0.51198
35	11.7	43.1	3.1	40.7	1.3	0.455995
35	11.9	41.5	2.9	41.0	2.8	0.455995
35	13.2	42.9	2.9	38.7	2.4	0.455995
35	12.3	46.3	8.6	31.2	1.7	0.455995
35	11.7	43.1	3.1	40.7	1.3	0.46003599999999994
35	11.9	41.5	2.9	41.0	2.8	0.46003599999999994
35	13.2	42.9	2.9	38.7	2.4	0.46003599999999994
35	12.3	46.3	8.6	31.2	1.7	0.46003599999999994
35	11.7	43.1	3.1	40.7	1.3	0.461025
35	11.9	41.5	2.9	41.0	2.8	0.461025
35	13.2	42.9	2.9	38.7	2.4	0.461025
35	12.3	46.3	8.6	31.2	1.7	0.461025
36	0.4	1.2	97.7	0.0	0.7	0.562979
36	0.8	0.5	97.9	0.0	0.8	0.562979
36	0.1	0.1	98.8	0.0	0.9	0.562979
36	0.2	1.4	98.1	0.0	0.3	0.562979
36	0.4	1.2	97.7	0.0	0.7	0.563
36	0.8	0.5	97.9	0.0	0.8	0.563
36	0.1	0.1	98.8	0.0	0.9	0.563
36	0.2	1.4	98.1	0.0	0.3	0.563
36	0.4	1.2	97.7	0.0	0.7	0.562967
36	0.8	0.5	97.9	0.0	0.8	0.562967
36	0.1	0.1	98.8	0.0	0.9	0.562967
36	0.2	1.4	98.1	0.0	0.3	0.562967
37	10.2	12.9	69.6	0.0	7.3	0.502008
37	14.6	10.9	61.6	0.0	12.8	0.502008
37	11.0	13.5	64.9	0.0	10.6	0.502008
37	11.0	9.8	68.4	0.0	10.9	0.502008
37	10.2	12.9	69.6	0.0	7.3	0.47099300000000005
37	14.6	10.9	61.6	0.0	12.8	0.47099300000000005
37	11.0	13.5	64.9	0.0	10.6	0.47099300000000005
37	11.0	9.8	68.4	0.0	10.9	0.47099300000000005
37	10.2	12.9	69.6	0.0	7.3	0.49696899999999994
37	14.6	10.9	61.6	0.0	12.8	0.49696899999999994
37	11.0	13.5	64.9	0.0	10.6	0.49696899999999994
37	11.0	9.8	68.4	0.0	10.9	0.49696899999999994
38	15.8	44.5	11.5	0.0	28.2	0.48791
38	15.9	44.3	14.0	0.0	25.7	0.48791
38	20.7	44.2	5.8	0.0	29.3	0.48791
38	18.4	43.9	11.2	0.0	26.5	0.48791
38	15.8	44.5	11.5	0.0	28.2	0.484932
38	15.9	44.3	14.0	0.0	25.7	0.484932
38	20.7	44.2	5.8	0.0	29.3	0.484932
38	18.4	43.9	11.2	0.0	26.5	0.484932
38	15.8	44.5	11.5	0.0	28.2	0.48097700000000004
38	15.9	44.3	14.0	0.0	25.7	0.48097700000000004
38	20.7	44.2	5.8	0.0	29.3	0.48097700000000004
38	18.4	43.9	11.2	0.0	26.5	0.48097700000000004
44	5.1	67.8	1.6	23.9	1.6	0.46397700000000003
44	4.9	66.9	1.9	25.8	0.5	0.46397700000000003
44	5.4	65.8	5.6	22.0	1.2	0.46397700000000003
44	5.3	66.9	3.0	23.5	1.1	0.46397700000000003
44	5.1	67.8	1.6	23.9	1.6	0.47098900000000005
44	4.9	66.9	1.9	25.8	0.5	0.47098900000000005
44	5.4	65.8	5.6	22.0	1.2	0.47098900000000005
44	5.3	66.9	3.0	23.5	1.1	0.47098900000000005
44	5.1	67.8	1.6	23.9	1.6	0.47197700000000004
44	4.9	66.9	1.9	25.8	0.5	0.47197700000000004
44	5.4	65.8	5.6	22.0	1.2	0.47197700000000004
44	5.3	66.9	3.0	23.5	1.1	0.47197700000000004
40	3.1	32.6	26.8	36.0	1.6	0.477714
40	3.1	31.0	32.1	32.7	1.2	0.477714
40	3.1	31.6	28.2	36.1	1.0	0.477714
40	2.8	32.3	29.2	34.4	1.3	0.477714
40	3.1	32.6	26.8	36.0	1.6	0.489667
40	3.1	31.0	32.1	32.7	1.2	0.489667
40	3.1	31.6	28.2	36.1	1.0	0.489667
40	2.8	32.3	29.2	34.4	1.3	0.489667
40	3.1	32.6	26.8	36.0	1.6	0.478759
40	3.1	31.0	32.1	32.7	1.2	0.478759
40	3.1	31.6	28.2	36.1	1.0	0.478759
40	2.8	32.3	29.2	34.4	1.3	0.478759
41	4.2	25.2	42.1	25.2	3.3	0.49670200000000003
41	2.7	26.9	43.2	25.0	2.2	0.49670200000000003
41	3.4	28.6	41.7	23.5	2.7	0.49670200000000003
41	3.2	26.1	43.3	24.9	2.5	0.49670200000000003
41	4.2	25.2	42.1	25.2	3.3	0.490676
41	2.7	26.9	43.2	25.0	2.2	0.490676
41	3.4	28.6	41.7	23.5	2.7	0.490676
41	3.2	26.1	43.3	24.9	2.5	0.490676
41	4.2	25.2	42.1	25.2	3.3	0.48567299999999997
41	2.7	26.9	43.2	25.0	2.2	0.48567299999999997
41	3.4	28.6	41.7	23.5	2.7	0.48567299999999997
41	3.2	26.1	43.3	24.9	2.5	0.48567299999999997
42	2.6	32.9	0.0	28.9	35.6	0.47374700000000003
42	1.6	40.4	0.0	36.5	21.6	0.47374700000000003
42	0.7	38.7	0.0	34.3	26.2	0.47374700000000003
42	1.6	44.4	0.0	36.1	17.9	0.47374700000000003
42	2.6	32.9	0.0	28.9	35.6	0.476753
42	1.6	40.4	0.0	36.5	21.6	0.476753
42	0.7	38.7	0.0	34.3	26.2	0.476753
42	1.6	44.4	0.0	36.1	17.9	0.476753
42	2.6	32.9	0.0	28.9	35.6	0.47074399999999994
42	1.6	40.4	0.0	36.5	21.6	0.47074399999999994
42	0.7	38.7	0.0	34.3	26.2	0.47074399999999994
42	1.6	44.4	0.0	36.1	17.9	0.47074399999999994
43	3.8	42.3	0.0	51.9	2.0	0.48076599999999997
43	2.4	48.1	0.0	48.5	1.0	0.48076599999999997
43	3.6	42.9	0.0	51.9	1.6	0.48076599999999997
43	3.5	43.3	1.1	51.4	0.8	0.48076599999999997
43	3.8	42.3	0.0	51.9	2.0	0.47975
43	2.4	48.1	0.0	48.5	1.0	0.47975
43	3.6	42.9	0.0	51.9	1.6	0.47975
43	3.5	43.3	1.1	51.4	0.8	0.47975
43	3.8	42.3	0.0	51.9	2.0	0.483696
43	2.4	48.1	0.0	48.5	1.0	0.483696
43	3.6	42.9	0.0	51.9	1.6	0.483696
43	3.5	43.3	1.1	51.4	0.8	0.483696
45	5.1	90.4	2.2	0.0	2.3	0.460754
45	4.6	92.7	1.7	0.0	1.0	0.460754
45	4.5	89.7	4.1	0.0	1.7	0.460754
45	4.7	90.4	3.3	0.0	1.5	0.460754
45	5.1	90.4	2.2	0.0	2.3	0.461787
45	4.6	92.7	1.7	0.0	1.0	0.461787
45	4.5	89.7	4.1	0.0	1.7	0.461787
45	4.7	90.4	3.3	0.0	1.5	0.461787
45	5.1	90.4	2.2	0.0	2.3	0.461761
45	4.6	92.7	1.7	0.0	1.0	0.461761
45	4.5	89.7	4.1	0.0	1.7	0.461761
45	4.7	90.4	3.3	0.0	1.5	0.461761
46	5.1	69.1	4.7	12.6	8.5	0.46768699999999996
46	5.2	70.5	0.3	17.0	7.0	0.46768699999999996
46	4.8	70.5	2.3	16.4	6.0	0.46768699999999996
46	5.6	67.4	2.7	15.9	8.4	0.46768699999999996
46	5.1	69.1	4.7	12.6	8.5	0.466686
46	5.2	70.5	0.3	17.0	7.0	0.466686
46	4.8	70.5	2.3	16.4	6.0	0.466686
46	5.6	67.4	2.7	15.9	8.4	0.466686
46	5.1	69.1	4.7	12.6	8.5	0.46475
46	5.2	70.5	0.3	17.0	7.0	0.46475
46	4.8	70.5	2.3	16.4	6.0	0.46475
46	5.6	67.4	2.7	15.9	8.4	0.46475
47	29.4	65.6	5.0	0.0	0.0	0.490688
47	28.3	61.0	9.8	0.0	1.0	0.490688
47	26.3	60.6	11.9	0.0	1.2	0.490688
47	31.2	62.2	5.2	0.0	1.4	0.490688
47	29.4	65.6	5.0	0.0	0.0	0.490683
47	28.3	61.0	9.8	0.0	1.0	0.490683
47	26.3	60.6	11.9	0.0	1.2	0.490683
47	31.2	62.2	5.2	0.0	1.4	0.490683
47	29.4	65.6	5.0	0.0	0.0	0.504741
47	28.3	61.0	9.8	0.0	1.0	0.504741
47	26.3	60.6	11.9	0.0	1.2	0.504741
47	31.2	62.2	5.2	0.0	1.4	0.504741
48	8.7	85.1	5.6	0.0	0.5	0.487666
48	8.7	86.6	2.9	0.2	1.6	0.487666
48	8.9	85.4	4.6	0.0	1.1	0.487666
48	8.5	83.8	6.4	0.0	1.3	0.487666
48	8.7	85.1	5.6	0.0	0.5	0.48665600000000003
48	8.7	86.6	2.9	0.2	1.6	0.48665600000000003
48	8.9	85.4	4.6	0.0	1.1	0.48665600000000003
48	8.5	83.8	6.4	0.0	1.3	0.48665600000000003
48	8.7	85.1	5.6	0.0	0.5	0.49169700000000005
48	8.7	86.6	2.9	0.2	1.6	0.49169700000000005
48	8.9	85.4	4.6	0.0	1.1	0.49169700000000005
48	8.5	83.8	6.4	0.0	1.3	0.49169700000000005
49	3.7	90.6	4.9	0.0	0.8	0.486658
49	4.1	88.5	5.5	0.0	1.8	0.486658
49	4.9	89.7	4.2	0.4	0.8	0.486658
49	4.6	88.9	5.0	0.0	1.5	0.486658
49	3.7	90.6	4.9	0.0	0.8	0.48567299999999997
49	4.1	88.5	5.5	0.0	1.8	0.48567299999999997
49	4.9	89.7	4.2	0.4	0.8	0.48567299999999997
49	4.6	88.9	5.0	0.0	1.5	0.48567299999999997
49	3.7	90.6	4.9	0.0	0.8	0.490676
49	4.1	88.5	5.5	0.0	1.8	0.490676
49	4.9	89.7	4.2	0.4	0.8	0.490676
49	4.6	88.9	5.0	0.0	1.5	0.490676
50	5.2	71.0	5.7	15.6	2.5	0.483699
50	5.7	73.4	0.0	18.3	2.6	0.483699
50	6.1	71.5	1.3	18.6	2.3	0.483699
50	6.8	71.8	0.6	18.2	2.6	0.483699
50	5.2	71.0	5.7	15.6	2.5	0.483707
50	5.7	73.4	0.0	18.3	2.6	0.483707
50	6.1	71.5	1.3	18.6	2.3	0.483707
50	6.8	71.8	0.6	18.2	2.6	0.483707
50	5.2	71.0	5.7	15.6	2.5	0.48566800000000004
50	5.7	73.4	0.0	18.3	2.6	0.48566800000000004
50	6.1	71.5	1.3	18.6	2.3	0.48566800000000004
50	6.8	71.8	0.6	18.2	2.6	0.48566800000000004
51	10.5	78.0	3.3	6.4	1.7	0.481731
51	10.0	80.3	3.3	5.6	0.7	0.481731
51	9.6	80.6	2.6	5.3	1.9	0.481731
51	10.8	82.1	1.7	4.4	1.0	0.481731
51	10.5	78.0	3.3	6.4	1.7	0.481712
51	10.0	80.3	3.3	5.6	0.7	0.481712
51	9.6	80.6	2.6	5.3	1.9	0.481712
51	10.8	82.1	1.7	4.4	1.0	0.481712
51	10.5	78.0	3.3	6.4	1.7	0.485687
51	10.0	80.3	3.3	5.6	0.7	0.485687
51	9.6	80.6	2.6	5.3	1.9	0.485687
51	10.8	82.1	1.7	4.4	1.0	0.485687
52	7.3	73.6	4.4	12.7	2.0	0.477731
52	10.0	72.5	6.2	8.6	2.6	0.477731
52	8.5	74.9	2.5	12.1	2.0	0.477731
52	7.8	74.1	4.3	11.6	2.3	0.477731
52	7.3	73.6	4.4	12.7	2.0	0.479745
52	10.0	72.5	6.2	8.6	2.6	0.479745
52	8.5	74.9	2.5	12.1	2.0	0.479745
52	7.8	74.1	4.3	11.6	2.3	0.479745
52	7.3	73.6	4.4	12.7	2.0	0.47668699999999997
52	10.0	72.5	6.2	8.6	2.6	0.47668699999999997
52	8.5	74.9	2.5	12.1	2.0	0.47668699999999997
52	7.8	74.1	4.3	11.6	2.3	0.47668699999999997
53	8.6	73.0	4.1	12.7	1.5	0.47272200000000003
53	8.4	74.0	3.2	12.1	2.3	0.47272200000000003
53	9.1	73.6	3.2	11.6	2.6	0.47272200000000003
53	8.1	71.7	8.2	9.7	2.2	0.47272200000000003
53	8.6	73.0	4.1	12.7	1.5	0.472739
53	8.4	74.0	3.2	12.1	2.3	0.472739
53	9.1	73.6	3.2	11.6	2.6	0.472739
53	8.1	71.7	8.2	9.7	2.2	0.472739
53	8.6	73.0	4.1	12.7	1.5	0.47272299999999995
53	8.4	74.0	3.2	12.1	2.3	0.47272299999999995
53	9.1	73.6	3.2	11.6	2.6	0.47272299999999995
53	8.1	71.7	8.2	9.7	2.2	0.47272299999999995
54	5.2	70.5	4.3	15.8	4.2	0.47774300000000003
54	4.9	71.8	5.4	14.4	3.5	0.47774300000000003
54	5.4	73.5	2.1	15.0	4.0	0.47774300000000003
54	5.9	71.7	4.9	12.5	5.0	0.47774300000000003
54	5.2	70.5	4.3	15.8	4.2	0.477724
54	4.9	71.8	5.4	14.4	3.5	0.477724
54	5.4	73.5	2.1	15.0	4.0	0.477724
54	5.9	71.7	4.9	12.5	5.0	0.477724
54	5.2	70.5	4.3	15.8	4.2	0.47872
54	4.9	71.8	5.4	14.4	3.5	0.47872
54	5.4	73.5	2.1	15.0	4.0	0.47872
54	5.9	71.7	4.9	12.5	5.0	0.47872
55	38.7	32.8	25.2	0.0	3.4	0.46201899999999996
55	49.8	28.3	20.1	0.0	1.8	0.46201899999999996
55	37.8	33.8	25.2	0.0	3.1	0.46201899999999996
55	39.3	32.7	25.1	0.0	2.9	0.46201899999999996
55	38.7	32.8	25.2	0.0	3.4	0.479009
55	49.8	28.3	20.1	0.0	1.8	0.479009
55	37.8	33.8	25.2	0.0	3.1	0.479009
55	39.3	32.7	25.1	0.0	2.9	0.479009
55	38.7	32.8	25.2	0.0	3.4	0.47600200000000004
55	49.8	28.3	20.1	0.0	1.8	0.47600200000000004
55	37.8	33.8	25.2	0.0	3.1	0.47600200000000004
55	39.3	32.7	25.1	0.0	2.9	0.47600200000000004
56	23.8	49.1	2.4	22.8	2.0	0.475009
56	18.1	51.8	4.0	25.6	0.5	0.475009
56	17.2	52.8	3.1	25.2	1.7	0.475009
56	18.5	49.2	3.4	26.4	2.6	0.475009
56	23.8	49.1	2.4	22.8	2.0	0.47698900000000005
56	18.1	51.8	4.0	25.6	0.5	0.47698900000000005
56	17.2	52.8	3.1	25.2	1.7	0.47698900000000005
56	18.5	49.2	3.4	26.4	2.6	0.47698900000000005
56	23.8	49.1	2.4	22.8	2.0	0.482975
56	18.1	51.8	4.0	25.6	0.5	0.482975
56	17.2	52.8	3.1	25.2	1.7	0.482975
56	18.5	49.2	3.4	26.4	2.6	0.482975
57	23.3	61.0	4.3	0.0	11.4	0.45702
57	14.4	75.3	7.0	0.0	3.3	0.45702
57	16.2	72.9	7.9	0.0	3.1	0.45702
57	19.4	68.2	5.0	0.0	7.3	0.45702
57	23.3	61.0	4.3	0.0	11.4	0.462976
57	14.4	75.3	7.0	0.0	3.3	0.462976
57	16.2	72.9	7.9	0.0	3.1	0.462976
57	19.4	68.2	5.0	0.0	7.3	0.462976
57	23.3	61.0	4.3	0.0	11.4	0.466908
57	14.4	75.3	7.0	0.0	3.3	0.466908
57	16.2	72.9	7.9	0.0	3.1	0.466908
57	19.4	68.2	5.0	0.0	7.3	0.466908
58	2.2	59.6	30.0	0.0	8.2	0.452982
58	2.0	65.0	25.0	0.0	8.0	0.452982
58	2.2	64.7	26.3	0.0	6.8	0.452982
58	2.0	63.6	26.7	0.0	7.7	0.452982
58	2.2	59.6	30.0	0.0	8.2	0.480016
58	2.0	65.0	25.0	0.0	8.0	0.480016
58	2.2	64.7	26.3	0.0	6.8	0.480016
58	2.0	63.6	26.7	0.0	7.7	0.480016
58	2.2	59.6	30.0	0.0	8.2	0.47697799999999996
58	2.0	65.0	25.0	0.0	8.0	0.47697799999999996
58	2.2	64.7	26.3	0.0	6.8	0.47697799999999996
58	2.0	63.6	26.7	0.0	7.7	0.47697799999999996
59	7.1	45.5	45.4	0.0	2.1	0.49598000000000003
59	7.8	46.2	44.6	0.0	1.4	0.49598000000000003
59	9.1	43.4	44.7	0.0	2.8	0.49598000000000003
59	7.0	44.6	46.6	0.0	1.8	0.49598000000000003
59	7.1	45.5	45.4	0.0	2.1	0.48493800000000004
59	7.8	46.2	44.6	0.0	1.4	0.48493800000000004
59	9.1	43.4	44.7	0.0	2.8	0.48493800000000004
59	7.0	44.6	46.6	0.0	1.8	0.48493800000000004
59	7.1	45.5	45.4	0.0	2.1	0.48196700000000003
59	7.8	46.2	44.6	0.0	1.4	0.48196700000000003
59	9.1	43.4	44.7	0.0	2.8	0.48196700000000003
59	7.0	44.6	46.6	0.0	1.8	0.48196700000000003
60	0.7	83.2	0.0	14.9	1.2	0.457991
60	1.1	81.6	0.3	15.6	1.3	0.457991
60	0.4	81.9	0.2	15.9	1.5	0.457991
60	0.9	81.6	0.5	15.5	1.6	0.457991
60	0.7	83.2	0.0	14.9	1.2	0.463995
60	1.1	81.6	0.3	15.6	1.3	0.463995
60	0.4	81.9	0.2	15.9	1.5	0.463995
60	0.9	81.6	0.5	15.5	1.6	0.463995
60	0.7	83.2	0.0	14.9	1.2	0.45805100000000004
60	1.1	81.6	0.3	15.6	1.3	0.45805100000000004
60	0.4	81.9	0.2	15.9	1.5	0.45805100000000004
60	0.9	81.6	0.5	15.5	1.6	0.45805100000000004
61	4.6	69.7	10.7	13.5	1.5	0.482951
61	4.5	70.4	9.7	14.5	0.9	0.482951
61	3.3	72.4	9.1	14.1	1.1	0.482951
61	4.6	68.1	9.8	15.9	1.6	0.482951
61	4.6	69.7	10.7	13.5	1.5	0.471992
61	4.5	70.4	9.7	14.5	0.9	0.471992
61	3.3	72.4	9.1	14.1	1.1	0.471992
61	4.6	68.1	9.8	15.9	1.6	0.471992
61	4.6	69.7	10.7	13.5	1.5	0.478968
61	4.5	70.4	9.7	14.5	0.9	0.478968
61	3.3	72.4	9.1	14.1	1.1	0.478968
61	4.6	68.1	9.8	15.9	1.6	0.478968
62	1.7	71.9	4.3	0.0	22.1	0.494962
62	1.1	80.5	2.3	0.0	16.2	0.494962
62	2.2	65.6	2.0	0.0	30.3	0.494962
62	1.0	73.8	3.0	0.1	22.1	0.494962
62	1.7	71.9	4.3	0.0	22.1	0.49496899999999994
62	1.1	80.5	2.3	0.0	16.2	0.49496899999999994
62	2.2	65.6	2.0	0.0	30.3	0.49496899999999994
62	1.0	73.8	3.0	0.1	22.1	0.49496899999999994
62	1.7	71.9	4.3	0.0	22.1	0.487917
62	1.1	80.5	2.3	0.0	16.2	0.487917
62	2.2	65.6	2.0	0.0	30.3	0.487917
62	1.0	73.8	3.0	0.1	22.1	0.487917
63	1.7	87.9	8.7	0.0	1.7	0.469933
63	1.4	88.7	8.1	0.0	1.9	0.469933
63	2.3	83.4	12.8	0.0	1.6	0.469933
63	2.2	88.0	7.6	0.0	2.2	0.469933
63	1.7	87.9	8.7	0.0	1.7	0.47397100000000003
63	1.4	88.7	8.1	0.0	1.9	0.47397100000000003
63	2.3	83.4	12.8	0.0	1.6	0.47397100000000003
63	2.2	88.0	7.6	0.0	2.2	0.47397100000000003
63	1.7	87.9	8.7	0.0	1.7	0.47096800000000005
63	1.4	88.7	8.1	0.0	1.9	0.47096800000000005
63	2.3	83.4	12.8	0.0	1.6	0.47096800000000005
63	2.2	88.0	7.6	0.0	2.2	0.47096800000000005
64	2.3	87.9	0.6	0.0	9.2	0.48492799999999997
64	2.9	84.1	1.4	0.0	11.6	0.48492799999999997
64	2.1	86.1	2.9	0.0	9.0	0.48492799999999997
64	2.0	89.0	0.8	0.0	8.2	0.48492799999999997
64	2.3	87.9	0.6	0.0	9.2	0.49996999999999997
64	2.9	84.1	1.4	0.0	11.6	0.49996999999999997
64	2.1	86.1	2.9	0.0	9.0	0.49996999999999997
64	2.0	89.0	0.8	0.0	8.2	0.49996999999999997
64	2.3	87.9	0.6	0.0	9.2	0.49595100000000003
64	2.9	84.1	1.4	0.0	11.6	0.49595100000000003
64	2.1	86.1	2.9	0.0	9.0	0.49595100000000003
64	2.0	89.0	0.8	0.0	8.2	0.49595100000000003
65	20.9	57.7	7.6	5.8	8.0	0.477995
65	23.2	58.9	4.8	5.3	7.7	0.477995
65	19.9	56.2	7.0	7.0	9.8	0.477995
65	21.0	56.5	6.0	7.5	9.1	0.477995
65	20.9	57.7	7.6	5.8	8.0	0.474975
65	23.2	58.9	4.8	5.3	7.7	0.474975
65	19.9	56.2	7.0	7.0	9.8	0.474975
65	21.0	56.5	6.0	7.5	9.1	0.474975
65	20.9	57.7	7.6	5.8	8.0	0.47298100000000004
65	23.2	58.9	4.8	5.3	7.7	0.47298100000000004
65	19.9	56.2	7.0	7.0	9.8	0.47298100000000004
65	21.0	56.5	6.0	7.5	9.1	0.47298100000000004
66	19.7	58.2	9.4	0.0	12.7	0.47098999999999996
66	19.5	61.9	9.0	0.0	9.5	0.47098999999999996
66	20.6	63.6	8.7	0.7	6.4	0.47098999999999996
66	18.7	65.2	9.2	0.0	6.9	0.47098999999999996
66	19.7	58.2	9.4	0.0	12.7	0.464966
66	19.5	61.9	9.0	0.0	9.5	0.464966
66	20.6	63.6	8.7	0.7	6.4	0.464966
66	18.7	65.2	9.2	0.0	6.9	0.464966
66	19.7	58.2	9.4	0.0	12.7	0.46397200000000005
66	19.5	61.9	9.0	0.0	9.5	0.46397200000000005
66	20.6	63.6	8.7	0.7	6.4	0.46397200000000005
66	18.7	65.2	9.2	0.0	6.9	0.46397200000000005
67	9.9	79.5	1.2	7.1	2.5	0.466926
67	11.1	78.1	2.1	6.8	1.9	0.466926
67	9.9	78.5	2.4	7.2	2.1	0.466926
67	9.6	77.7	2.6	7.9	2.2	0.466926
67	9.9	79.5	1.2	7.1	2.5	0.46792700000000004
67	11.1	78.1	2.1	6.8	1.9	0.46792700000000004
67	9.9	78.5	2.4	7.2	2.1	0.46792700000000004
67	9.6	77.7	2.6	7.9	2.2	0.46792700000000004
67	9.9	79.5	1.2	7.1	2.5	0.467954
67	11.1	78.1	2.1	6.8	1.9	0.467954
67	9.9	78.5	2.4	7.2	2.1	0.467954
67	9.6	77.7	2.6	7.9	2.2	0.467954
70	20.7	1.0	29.7	35.1	13.5	0.585919
70	21.6	0.5	26.6	36.1	15.2	0.585919
70	18.9	1.4	27.9	40.3	11.6	0.585919
70	20.4	1.8	29.7	34.6	13.4	0.585919
70	20.7	1.0	29.7	35.1	13.5	0.581932
70	21.6	0.5	26.6	36.1	15.2	0.581932
70	18.9	1.4	27.9	40.3	11.6	0.581932
70	20.4	1.8	29.7	34.6	13.4	0.581932
70	20.7	1.0	29.7	35.1	13.5	0.583942
70	21.6	0.5	26.6	36.1	15.2	0.583942
70	18.9	1.4	27.9	40.3	11.6	0.583942
70	20.4	1.8	29.7	34.6	13.4	0.583942
71	21.9	11.5	25.0	38.4	3.3	0.513953
71	20.7	11.6	23.8	41.6	2.3	0.513953
71	25.6	9.6	23.4	37.4	4.0	0.513953
71	25.5	10.4	23.1	36.9	4.1	0.513953
71	21.9	11.5	25.0	38.4	3.3	0.5149699999999999
71	20.7	11.6	23.8	41.6	2.3	0.5149699999999999
71	25.6	9.6	23.4	37.4	4.0	0.5149699999999999
71	25.5	10.4	23.1	36.9	4.1	0.5149699999999999
71	21.9	11.5	25.0	38.4	3.3	0.515005
71	20.7	11.6	23.8	41.6	2.3	0.515005
71	25.6	9.6	23.4	37.4	4.0	0.515005
71	25.5	10.4	23.1	36.9	4.1	0.515005
72	15.5	5.3	30.0	27.7	21.5	0.56598
72	18.6	3.4	26.4	26.8	24.8	0.56598
72	16.8	2.7	26.2	26.0	28.2	0.56598
72	15.0	3.8	28.7	25.2	27.4	0.56598
72	15.5	5.3	30.0	27.7	21.5	0.547901
72	18.6	3.4	26.4	26.8	24.8	0.547901
72	16.8	2.7	26.2	26.0	28.2	0.547901
72	15.0	3.8	28.7	25.2	27.4	0.547901
72	15.5	5.3	30.0	27.7	21.5	0.548922
72	18.6	3.4	26.4	26.8	24.8	0.548922
72	16.8	2.7	26.2	26.0	28.2	0.548922
72	15.0	3.8	28.7	25.2	27.4	0.548922
73	0.2	35.6	35.4	0.3	28.5	0.484944
73	1.0	33.7	33.7	0.0	31.5	0.484944
73	0.0	33.4	33.7	0.0	32.9	0.484944
73	0.0	30.6	33.3	0.0	36.1	0.484944
73	0.2	35.6	35.4	0.3	28.5	0.481975
73	1.0	33.7	33.7	0.0	31.5	0.481975
73	0.0	33.4	33.7	0.0	32.9	0.481975
73	0.0	30.6	33.3	0.0	36.1	0.481975
73	0.2	35.6	35.4	0.3	28.5	0.48393400000000003
73	1.0	33.7	33.7	0.0	31.5	0.48393400000000003
73	0.0	33.4	33.7	0.0	32.9	0.48393400000000003
73	0.0	30.6	33.3	0.0	36.1	0.48393400000000003
74	16.5	55.2	6.5	12.5	9.3	0.469937
74	14.3	59.3	5.6	14.9	5.9	0.469937
74	15.1	57.2	7.7	14.5	5.5	0.469937
74	14.7	59.5	5.0	15.1	5.7	0.469937
74	16.5	55.2	6.5	12.5	9.3	0.47596099999999997
74	14.3	59.3	5.6	14.9	5.9	0.47596099999999997
74	15.1	57.2	7.7	14.5	5.5	0.47596099999999997
74	14.7	59.5	5.0	15.1	5.7	0.47596099999999997
74	16.5	55.2	6.5	12.5	9.3	0.47098999999999996
74	14.3	59.3	5.6	14.9	5.9	0.47098999999999996
74	15.1	57.2	7.7	14.5	5.5	0.47098999999999996
74	14.7	59.5	5.0	15.1	5.7	0.47098999999999996
