HEA	Pt	Ru	Pd	Rh	Au	Onset	
1	20	20	20	20	20	0.538726	
1	20	20	20	20	20	0.504755	
1	20	20	20	20	20	0.497749	
2	29	29	7	29	7	0.495734	
2	29	29	7	29	7	0.497785	
2	29	29	7	29	7	0.505694	
3	25	25	13	25	13	0.54967	
3	25	25	13	25	13	0.517704	
3	25	25	13	25	13	0.536726	
4	29	7	29	7	29	0.546685	
4	29	7	29	7	29	0.548694	
4	29	7	29	7	29	0.559684	
5	21	42	11	5	21	0.511749	
5	21	42	11	5	21	0.492729	
5	21	42	11	5	21	0.473756	
6	50	17	17	8	8	0.493709	
6	50	17	17	8	8	0.492698	
6	50	17	17	8	8	0.492711	
7	26	42	11	16	5	0.49098	
7	26	42	11	16	5	0.462979	
7	26	42	11	16	5	0.485943	
8	29	14	36	7	14	0.521015	
8	29	14	36	7	14	0.508974	
8	29	14	36	7	14	0.538024	
9	19	38	25	13	6	0.511951	
9	19	38	25	13	6	0.4889	
9	19	38	25	13	6	0.480963	
10	19	25	13	6	38	0.508686	
10	19	25	13	6	38	0.499722	
10	19	25	13	6	38	0.504718	
11	6	53	6	18	18	0.476732	
11	6	53	6	18	18	0.482747	
11	6	53	6	18	18	0.481733	
12	40	20	10	5	25	0.493715	
12	40	20	10	5	25	0.481715	
12	40	20	10	5	25	0.496698	
13	33	50	9	2	5	0.481709	
13	33	50	9	2	5	0.47271	
13	33	50	9	2	5	0.471719	
14	10	34	1	51	3	0.485664	
14	10	34	1	51	3	0.490682	
14	10	34	1	51	3	0.468678	
15	30	1	32	22	14	0.588674	
15	30	1	32	22	14	0.600639	
15	30	1	32	22	14	0.596646	
16	23	35	26	15	1	0.505708	
16	23	35	26	15	1	0.497704	
16	23	35	26	15	1	0.507664	
17	1	29	53	10	6	0.50465	
17	1	29	53	10	6	0.498689	
17	1	29	53	10	6	0.514708	
18	7	2	33	37	21	0.597628	
18	7	2	33	37	21	0.58165	
18	7	2	33	37	21	0.593583	
19	21	2	37	8	33	0.591649	
19	21	2	37	8	33	0.577689	
19	21	2	37	8	33	0.594609	
20	4	4	20	32	40	0.560679	
20	4	4	20	32	40	0.55969	
20	4	4	20	32	40	0.570634	
21	96	1	1	1	1	0.534961	
21	96	1	1	1	1	0.562701	
21	96	1	1	1	1	0.505684	
24	1	1	1	96	1	0.571632	
24	1	1	1	96	1	0.584669	
24	1	1	1	96	1	0.594615	
26	1	72	17	9	1	0.479707	
26	1	72	17	9	1	0.487621	
26	1	72	17	9	1	0.47897	
27	2	57	23	16	2	0.480701	
27	2	57	23	16	2	0.470711	
27	2	57	23	16	2	0.483692	
28	27	48	3	20	2	0.469674	
28	27	48	3	20	2	0.467683	
28	27	48	3	20	2	0.462739	
29	17	60	10	10	3	0.486648	
29	17	60	10	10	3	0.472729	
29	17	60	10	10	3	0.486664	
30	1	40	43	15	1	0.480717	
30	1	40	43	15	1	0.486662	
30	1	40	43	15	1	0.478739	
31	81	3	4	7	5	0.501	
31	81	3	4	7	5	0.548664	
31	81	3	4	7	5	0.544708	
32	7	76	1	12	4	0.469696	
32	7	76	1	12	4	0.466662	
32	7	76	1	12	4	0.471714	
33	79	16	3	1	1	0.475019	
33	79	16	3	1	1	0.461036	
33	79	16	3	1	1	0.460021	
34	81	12	5	1	1	0.494	
34	81	12	5	1	1	0.516996	
34	81	12	5	1	1	0.51198	
35	16	46	2	34	2	0.455995	
35	16	46	2	34	2	0.460036	
35	16	46	2	34	2	0.461025	
36	1	7	89	2	1	0.562979	
36	1	7	89	2	1	0.563	
36	1	7	89	2	1	0.562967	
37	17	29	43	1	10	0.502008	
37	17	29	43	1	10	0.470993	
37	17	29	43	1	10	0.496969	
38	37	37	1	3	22	0.48791	
38	37	37	1	3	22	0.484932	
38	37	37	1	3	22	0.480977	
44	5	58	3	33	1	0.463977	
44	5	58	3	33	1	0.470989	
44	5	58	3	33	1	0.471977	
40	4	43	14	38	1	0.477714	
40	4	43	14	38	1	0.489667	
40	4	43	14	38	1	0.478759	
41	4	44	24	26	2	0.496702	
41	4	44	24	26	2	0.490676	
41	4	44	24	26	2	0.485673	
42	2	48	1	31	18	0.473747	
42	2	48	1	31	18	0.476753	
42	2	48	1	31	18	0.470744	
43	4	49	1	45	1	0.480766	
43	4	49	1	45	1	0.47975	
43	4	49	1	45	1	0.483696	
45	11	84	1	3	1	0.460754	
45	11	84	1	3	1	0.461787	
45	11	84	1	3	1	0.461761	
46	8	58	2	25	7	0.467687	
46	8	58	2	25	7	0.466686	
46	8	58	2	25	7	0.46475	
47	72	25	1	1	1	0.490688	
47	72	25	1	1	1	0.490683	
47	72	25	1	1	1	0.504741	
48	23	69	2	5	1	0.487666	
48	23	69	2	5	1	0.486656	
48	23	69	2	5	1	0.491697	
49	25	67	2	4	2	0.486658	
49	25	67	2	4	2	0.485673	
49	25	67	2	4	2	0.490676	
50	19	53	1	25	2	0.483699	
50	19	53	1	25	2	0.483707	
50	19	53	1	25	2	0.485668	
51	28	60	2	9	1	0.481731	
51	28	60	2	9	1	0.481712	
51	28	60	2	9	1	0.485687	
52	14	62	3	19	2	0.477731	
52	14	62	3	19	2	0.479745	
52	14	62	3	19	2	0.476687	
53	13	62	3	21	1	0.472722	
53	13	62	3	21	1	0.472739	
53	13	62	3	21	1	0.472723	
54	12	59	2	24	3	0.477743	
54	12	59	2	24	3	0.477724	
54	12	59	2	24	3	0.47872	
55	49	28	20	1	2	0.462019	
55	49	28	20	1	2	0.479009	
55	49	28	20	1	2	0.476002	
56	47	28	2	22	1	0.475009	
56	47	28	2	22	1	0.476989	
56	47	28	2	22	1	0.482975	
57	50	42	2	4	2	0.45702	
57	50	42	2	4	2	0.462976	
57	50	42	2	4	2	0.466908	
58	3	60	28	2	7	0.452982	
58	3	60	28	2	7	0.480016	
58	3	60	28	2	7	0.476978	
59	9	46	42	1	2	0.49598	
59	9	46	42	1	2	0.484938	
59	9	46	42	1	2	0.481967	
60	1	72	1	25	1	0.457991	
60	1	72	1	25	1	0.463995	
60	1	72	1	25	1	0.458051	
61	5	61	9	24	1	0.482951	
61	5	61	9	24	1	0.471992	
61	5	61	9	24	1	0.478968	
62	2	75	2	3	18	0.494962	
62	2	75	2	3	18	0.494969	
62	2	75	2	3	18	0.487917	
63	3	83	8	4	2	0.469933	
63	3	83	8	4	2	0.473971	
63	3	83	8	4	2	0.470968	
64	6	82	1	1	10	0.484928	
64	6	82	1	1	10	0.49997	
64	6	82	1	1	10	0.495951	
65	52	32	3	7	6	0.477995	
65	52	32	3	7	6	0.474975	
65	52	32	3	7	6	0.472981	
66	42	42	8	3	5	0.47099	
66	42	42	8	3	5	0.464966	
66	42	42	8	3	5	0.463972	
67	41	45	2	10	2	0.466926	
67	41	45	2	10	2	0.467927	
67	41	45	2	10	2	0.467954	
70	23	2	24	40	11	0.585919	
70	23	2	24	40	11	0.581932	
70	23	2	24	40	11	0.583942	
71	25	9	22	41	3	0.513953	
71	25	9	22	41	3	0.51497	
71	25	9	22	41	3	0.515005	
72	21	4	25	32	18	0.56598	
72	21	4	25	32	18	0.547901	
72	21	4	25	32	18	0.548922	
73	1	32	32	4	31	0.484944	
73	1	32	32	4	31	0.481975	
73	1	32	32	4	31	0.483934	
74	33	36	5	21	5	0.469937	
74	33	36	5	21	5	0.475961	
74	33	36	5	21	5	0.47099	
